146085
763867
146636
358107
173610
727392
063880
330652
751670
768070
295471
785922
739533
877097
608330
179644
688069
515842
008052
161823
430404
143319
924135
597093
239662
259516
598601
735592
043920
505452
591524
979061
746592
096810
795447
170508
151692
442680
080665
498137
938836
658355
054888
017389
270171
023879
509460
974907
863138
593338
898197
477466
772319
293751
548632
194941
018680
960946
647732
752449
993206
367186
032983
806571
125028
255661
533356
643248
182600
839011
012272
047461
538453
128057
925954
218211
089492
202058
217988
196941
095718
714333
838104
964955
750310
097590
628230
875983
094298
917258
464782
595213
376422
585005
284391
064430
310392
922819
788540
621621
