796
503
407
952
234
585
069
467
342
417
782
763
979
312
096
082
599
431
873
898
931
424
490
036
812
315
157
380
892
068
430
585
766
252
294
002
491
205
944
701
427
091
408
189
109
055
041
081
232
770
314
099
705
169
029
273
366
516
765
579
348
426
955
215
589
041
600
620
614
530
148
718
287
336
914
587
100
702
036
734
966
923
004
641
106
750
340
748
946
334
192
744
231
720
726
990
687
526
017
576
