9971608
8138134
9116333
5495182
3244302
1077646
5274613
1742294
7222973
9136935
0889186
4939600
2471916
7900456
3712226
1858639
0318568
5355952
4748658
3979063
8124566
1159640
4447623
7412168
6270293
6926092
3037416
7155307
4877980
7650382
5780667
6028988
2017175
8659682
7662487
2727891
2912287
4013071
6714851
8047702
9822087
3087267
9299549
8466678
5612104
9063029
1196618
5403194
3680643
2819932
5051874
3980464
0679648
2176095
1862324
4064254
5138283
4705887
9148770
5593124
3881005
8050581
1968028
6189818
6370760
3930401
8890223
1521893
8763883
0162119
2715602
2612021
3513685
5006320
6260628
0439528
9394674
9967408
5289823
2859886
9297179
5463404
5317281
9960311
4404661
2118551
9957489
6063344
9620700
1292113
6188600
5909689
6668011
1830078
8470272
8774421
0750174
4334870
7381402
6675106
