9671
8629
1670
1575
1053
4016
8506
9160
2229
5283
4758
8584
5853
0906
8640
8321
8093
1484
2895
9829
1959
8383
0037
1819
0206
4716
1655
8764
4840
9518
8293
0310
9469
7389
8345
3196
4898
4905
9749
3283
1627
0619
1760
0929
4586
7953
2952
2577
5342
3086
2074
6245
3228
1305
3224
2918
0816
5033
9766
3596
4573
2896
8322
4586
4325
9031
8393
2655
1306
7133
4268
2780
0229
0362
5456
4557
4684
7793
5211
3513
4225
2501
4968
4035
0807
0848
2807
3469
4953
6045
3184
7595
3339
9342
4990
1868
4541
5792
5189
4311
