68189
98910
16359
26255
07994
94844
81517
54461
22222
57091
87103
39273
50720
63136
81310
74643
48728
81653
12074
64165
14930
28599
22775
99666
57724
16723
93828
03173
88739
53387
81493
10527
01631
19772
43635
81588
60591
49482
98681
07486
18550
11610
53707
52473
25088
82419
76298
76062
13774
26680
73943
99206
47589
84918
17334
38234
53798
28940
47905
80163
04595
78523
17780
24039
94025
54789
52486
63030
38461
14652
61205
40966
62778
71470
20605
18616
15072
93119
96154
78665
93055
43768
70751
66784
67506
60313
22991
00775
66944
49374
75733
41654
44489
26228
07382
29052
61429
32188
68071
86914
